0000000000000000000000000000000000000000
0000000000000000000000000000000000000000
0000000000000000000000000000000000000000
0000000000000000000000000000000000000000
0001111010010111100111101001000000000000
0000001010010000100100101001000000000000
0001111011110011110100101111000000000000
0001000000010000100100100001000000000000
0001111000010000100111100001000000000000
0000000000000000000000000000000000000000
0000000001110001110000000000000000000000
0000000011111011111000000000000000000000
0000000111111111111100000000000000000000
0000000111111111111100000000000000000000
0000000111111111111100000000000000000000
0000000111111111111100000000000000000000
0000000011111111111000000000000000000000
0000000001111111110000000000000000000000
0000000000111111100000000000000000000000
0000000000011111000000000000000000000000
0000000000001110000000000000000000000000
0000000000000100000000000000000000000000
0000000000000000000000000000000000000000
0000000000000000000000000000000000000000
0000000000000000000000000000000000000000
0000000000000000000000000000000000000000
0000000000000000000000000000000000000000
